# Dolby Vision Display Management Configuration File
# Date : 08/18/2023
# Brand Model Number: N16

[Global]
DMSwVersion = 4.0
Tmax = 1200
Tmin = 0.0005
TPrimaries = 0.683 0.310 0.224 0.74 0.138 0.035 0.305 0.320


TEOTF = POWER
Tgamma = 2.3

Ambient = 3
TSurroundReflection = 0.5
TScreenReflection = 0.0005
ALDelayMilliSec = 50
ALResponseFall = 0.004
ALResponseRise = 0.02
ALOperationalRate = 50
TFrontLux = 1000
TFrontLuxScale = 1


RGB2YCCmat=0.2249515012 0.5805731287 0.0507803555 -0.1222960562 -0.3156316076 0.4379276637 0.4379276637 -0.4027047292 -0.0352229345
RGB2YCCOffsetNorm=0.0625 0.5 0.5

[PictureMode = 0]
PictureModeName = Dolby Vision Standard
Tmax = 600

[PictureMode = 1]
PictureModeName = Dolby Vision Bright
Tmax = 600

[PictureMode = 2]
PictureModeName = Dolby Vision Vivid
Tmax = 600

[PictureMode = 3]
PictureModeName = Dolby Vision Cinema
Ambient = 0



